colors <- c(
  "#F5705B",
  "#F1AC78",
  "#F3A29B",
  "#32CEF0",
  "#FF843F",
  "#7F7F9D",
  "#F8706E",
  "#FF5D4E",
  "#E6B98B",
  "#A3AC92",
  "#AAA4BF",
  "#506580",
  "#6BCE58",
  "#65869F",
  "#51AD7C",
  "#F66770",
  "#1C8660",
  "#00B6DC",
  "#B5CDFF",
  "#5179A7",
  "#88AC77",
  "#FFB451",
  "#797765",
  "#4A75FF",
  "#30E8FF",
  "#01929A",
  "#305AEC",
  "#CDD7B6",
  "#04B698",
  "#70C67E",
  "#29605F",
  "#88FB07",
  "#6DA82D",
  "#13471F"
)
