geno_colors <- c("#999999", "#55A0FB")