geno_colors <- c("#999999", "#008000")